# R script for Peak Model
#  -- generated by MACS
p <- c(0.0387576869412,0.0413415327373,0.0439253785334,0.0516769159217,0.0671799906982,0.062012299106,0.0645961449021,0.0723476822903,0.0697638364942,0.0697638364942,0.0723476822903,0.0749315280864,0.0775153738825,0.0800992196786,0.0749315280864,0.0749315280864,0.0800992196786,0.0697638364942,0.0749315280864,0.0852669112707,0.0878507570668,0.0878507570668,0.0904346028629,0.0878507570668,0.0904346028629,0.0956022944551,0.0878507570668,0.093018448659,0.093018448659,0.0826830654747,0.0697638364942,0.0671799906982,0.0594284533099,0.0594284533099,0.0516769159217,0.0490930701256,0.0516769159217,0.0465092243295,0.0542607617177,0.0516769159217,0.0542607617177,0.0594284533099,0.0645961449021,0.062012299106,0.062012299106,0.0697638364942,0.0671799906982,0.0671799906982,0.062012299106,0.0671799906982,0.0671799906982,0.0671799906982,0.062012299106,0.062012299106,0.0568446075138,0.0490930701256,0.0516769159217,0.0465092243295,0.0387576869412,0.0361738411452,0.0361738411452,0.031006149553,0.0361738411452,0.0335899953491,0.0361738411452,0.0387576869412,0.0335899953491,0.0387576869412,0.0490930701256,0.0516769159217,0.062012299106,0.062012299106,0.062012299106,0.062012299106,0.0645961449021,0.0671799906982,0.0749315280864,0.0749315280864,0.0645961449021,0.062012299106,0.0568446075138,0.0542607617177,0.0516769159217,0.0568446075138,0.0542607617177,0.0542607617177,0.0465092243295,0.0490930701256,0.0542607617177,0.0568446075138,0.0568446075138,0.0594284533099,0.0671799906982,0.062012299106,0.0594284533099,0.0516769159217,0.0542607617177,0.0568446075138,0.062012299106,0.0542607617177,0.0490930701256,0.0490930701256,0.0439253785334,0.0439253785334,0.0516769159217,0.0516769159217,0.0516769159217,0.0413415327373,0.0413415327373,0.0490930701256,0.0516769159217,0.0645961449021,0.0749315280864,0.0775153738825,0.0723476822903,0.0723476822903,0.0749315280864,0.0775153738825,0.0671799906982,0.062012299106,0.0671799906982,0.0542607617177,0.0465092243295,0.0413415327373,0.0387576869412,0.0439253785334,0.0439253785334,0.0439253785334,0.0413415327373,0.0439253785334,0.0335899953491,0.0439253785334,0.0387576869412,0.0465092243295,0.0465092243295,0.0465092243295,0.0439253785334,0.0439253785334,0.0465092243295,0.0413415327373,0.0413415327373,0.0284223037569,0.0335899953491,0.0335899953491,0.0413415327373,0.0361738411452,0.0361738411452,0.0387576869412,0.0413415327373,0.0542607617177,0.0568446075138,0.062012299106,0.062012299106,0.062012299106,0.0594284533099,0.0594284533099,0.0568446075138,0.0516769159217,0.0490930701256,0.0413415327373,0.0387576869412,0.0361738411452,0.0387576869412,0.0387576869412,0.0387576869412,0.0439253785334,0.0439253785334,0.0490930701256,0.0516769159217,0.0490930701256,0.0594284533099,0.0671799906982,0.0594284533099,0.0568446075138,0.0568446075138,0.0568446075138,0.0594284533099,0.0645961449021,0.062012299106,0.0594284533099,0.0516769159217,0.0439253785334,0.0490930701256,0.0439253785334,0.0387576869412,0.031006149553,0.0361738411452,0.0258384579608,0.0335899953491,0.0361738411452,0.0335899953491,0.0335899953491,0.0284223037569,0.0361738411452,0.0361738411452,0.0335899953491,0.031006149553,0.031006149553,0.0258384579608,0.0258384579608,0.031006149553,0.0284223037569,0.0284223037569,0.0232546121647,0.0284223037569,0.0284223037569,0.031006149553,0.0387576869412,0.0387576869412,0.0387576869412,0.0361738411452,0.0361738411452,0.0387576869412,0.0361738411452,0.0387576869412,0.0413415327373,0.0335899953491,0.0258384579608,0.0258384579608,0.0232546121647,0.0258384579608,0.031006149553,0.031006149553,0.0361738411452,0.0284223037569,0.0284223037569,0.031006149553,0.0335899953491,0.031006149553,0.0335899953491,0.031006149553,0.0284223037569,0.0232546121647,0.0232546121647,0.0258384579608,0.031006149553,0.031006149553,0.031006149553,0.0335899953491,0.031006149553,0.0361738411452,0.0361738411452,0.0361738411452,0.0361738411452,0.0413415327373,0.0335899953491,0.0361738411452,0.0387576869412,0.0361738411452,0.0361738411452,0.031006149553,0.031006149553,0.0335899953491,0.031006149553,0.0258384579608,0.0258384579608,0.031006149553,0.0284223037569,0.0335899953491,0.0413415327373,0.0465092243295,0.0490930701256,0.0490930701256,0.0490930701256,0.0465092243295,0.0465092243295,0.0387576869412,0.0361738411452,0.031006149553,0.0232546121647,0.0180869205726,0.0180869205726,0.0206707663687,0.0206707663687,0.0206707663687,0.0232546121647,0.0206707663687,0.0206707663687,0.0180869205726,0.0180869205726,0.0206707663687,0.0206707663687,0.0180869205726,0.0155030747765,0.0155030747765,0.0129192289804,0.0155030747765,0.0180869205726,0.0206707663687,0.0258384579608,0.0232546121647,0.0180869205726,0.0180869205726,0.0232546121647,0.0258384579608,0.0258384579608,0.0258384579608,0.031006149553,0.0284223037569,0.0232546121647,0.0413415327373,0.0826830654747,0.0956022944551,0.105937677639,0.121440752416,0.142111518785,0.167949976745,0.173117668338,0.206707663687,0.229962275851,0.240297659036,0.214459201075,0.224794584259,0.242881504832,0.23771381324,0.235129967444,0.217043046871,0.222210738463,0.211875355279,0.206707663687,0.193788434706,0.209291509483,0.211875355279,0.196372280502,0.204123817891,0.209291509483,0.227378430055,0.232546121647,0.222210738463,0.224794584259,0.235129967444,0.224794584259,0.224794584259,0.227378430055,0.232546121647,0.23771381324,0.224794584259,0.222210738463,0.224794584259,0.217043046871,0.206707663687,0.204123817891,0.214459201075,0.219626892667,0.219626892667,0.211875355279,0.206707663687,0.209291509483,0.224794584259,0.23771381324,0.235129967444,0.222210738463,0.206707663687,0.193788434706,0.183453051522,0.19120458891,0.201539972094,0.193788434706,0.183453051522,0.170533822541,0.180869205726,0.188620743114,0.180869205726,0.19120458891,0.188620743114,0.196372280502,0.214459201075,0.222210738463,0.222210738463,0.235129967444,0.242881504832,0.245465350628,0.255800733812,0.25063304222,0.248049196424,0.232546121647,0.219626892667,0.211875355279,0.209291509483,0.209291509483,0.206707663687,0.211875355279,0.201539972094,0.211875355279,0.232546121647,0.235129967444,0.23771381324,0.248049196424,0.245465350628,0.253216888016,0.242881504832,0.242881504832,0.245465350628,0.240297659036,0.232546121647,0.217043046871,0.217043046871,0.211875355279,0.206707663687,0.188620743114,0.183453051522,0.175701514134,0.17828535993,0.167949976745,0.167949976745,0.188620743114,0.170533822541,0.196372280502,0.206707663687,0.206707663687,0.206707663687,0.224794584259,0.224794584259,0.232546121647,0.227378430055,0.219626892667,0.229962275851,0.204123817891,0.204123817891,0.214459201075,0.222210738463,0.211875355279,0.211875355279,0.219626892667,0.219626892667,0.211875355279,0.219626892667,0.219626892667,0.232546121647,0.227378430055,0.235129967444,0.235129967444,0.227378430055,0.214459201075,0.217043046871,0.248049196424,0.25063304222,0.25063304222,0.23771381324,0.235129967444,0.23771381324,0.235129967444,0.25063304222,0.2635522712,0.266136116997,0.266136116997,0.25063304222,0.25063304222,0.25063304222,0.266136116997,0.255800733812,0.258384579608,0.253216888016,0.240297659036,0.240297659036,0.217043046871,0.222210738463,0.235129967444,0.245465350628,0.232546121647,0.232546121647,0.229962275851,0.232546121647,0.240297659036,0.245465350628,0.245465350628,0.268719962793,0.260968425404,0.25063304222,0.25063304222,0.232546121647,0.23771381324,0.242881504832,0.23771381324,0.235129967444,0.229962275851,0.222210738463,0.217043046871,0.232546121647,0.229962275851,0.266136116997,0.268719962793,0.25063304222,0.258384579608,0.248049196424,0.255800733812,0.232546121647,0.235129967444,0.229962275851,0.240297659036,0.224794584259,0.217043046871,0.219626892667,0.222210738463,0.242881504832,0.242881504832,0.248049196424,0.25063304222,0.242881504832,0.235129967444,0.25063304222,0.25063304222,0.279055345977,0.279055345977,0.276471500181,0.281639191773,0.289390729161,0.286806883365,0.291974574957,0.299726112346,0.279055345977,0.289390729161,0.266136116997,